0.44 , 319.0
0.443 , 276.0
0.445 , 241.0
0.448 , 219.0
0.451 , 239.0
0.453 , 198.0
0.456 , 171.0
0.458 , 179.0
0.461 , 151.0
0.463 , 179.0
0.466 , 149.0
0.469 , 176.0
0.471 , 142.0
0.474 , 141.0
0.476 , 159.0
0.479 , 161.0
0.482 , 179.0
0.484 , 143.0
0.487 , 151.0
0.489 , 149.0
0.492 , 162.0
0.495 , 172.0
0.497 , 171.0
0.5 , 179.0
0.502 , 184.0
0.505 , 197.0
0.507 , 191.0
0.51 , 201.0
0.513 , 200.0
0.515 , 207.0
0.518 , 210.0
0.52 , 218.0
0.523 , 221.0
0.526 , 223.0
0.528 , 236.0
0.531 , 242.0
0.533 , 241.0
0.536 , 239.0
0.539 , 233.0
0.541 , 241.0
0.544 , 251.0
0.546 , 255.0
0.549 , 266.0
0.552 , 270.0
0.554 , 278.0
0.557 , 268.0
0.559 , 281.0
0.562 , 281.0
0.564 , 285.0
0.567 , 295.0
0.57 , 298.0
0.572 , 313.0
0.575 , 322.0
0.577 , 331.0
0.58 , 339.0
0.583 , 312.0
0.585 , 349.0
0.588 , 354.0
0.59 , 358.0
0.593 , 367.0
0.595 , 352.0
0.598 , 383.0
0.601 , 366.0
0.603 , 398.0
0.606 , 403.0
0.608 , 404.0
0.611 , 404.0
0.614 , 388.0
0.616 , 410.0
0.619 , 419.0
0.621 , 425.0
0.624 , 433.0
0.627 , 404.0
0.629 , 440.0
0.632 , 442.0
0.634 , 444.0
0.637 , 447.0
0.64 , 452.0
0.642 , 460.0
0.645 , 442.0
0.647 , 478.0
0.65 , 486.0
0.652 , 491.0
0.655 , 498.0
0.658 , 472.0
0.66 , 503.0
0.663 , 506.0
0.665 , 510.0
0.668 , 518.0
0.671 , 495.0
0.673 , 527.0
0.676 , 534.0
0.678 , 532.0
0.681 , 528.0
0.684 , 526.0
0.686 , 526.0
0.689 , 517.0
0.691 , 526.0
0.694 , 531.0
0.696 , 534.0
0.699 , 538.0
0.702 , 508.0
0.704 , 539.0
0.707 , 538.0
0.709 , 538.0
0.712 , 537.0
0.715 , 523.0
0.717 , 543.0
0.72 , 548.0
0.722 , 552.0
0.725 , 557.0
0.728 , 558.0
0.73 , 556.0
0.733 , 545.0
0.735 , 549.0
0.738 , 547.0
0.74 , 546.0
0.743 , 546.0
0.746 , 525.0
0.748 , 544.0
0.751 , 541.0
0.753 , 537.0
0.756 , 529.0
0.759 , 520.0
0.761 , 515.0
0.764 , 509.0
0.766 , 506.0
0.769 , 503.0
0.772 , 502.0
0.774 , 500.0
0.777 , 494.0
0.779 , 493.0
0.782 , 487.0
0.784 , 482.0
0.787 , 477.0
0.79 , 477.0
0.792 , 475.0
0.795 , 475.0
0.797 , 475.0
0.8 , 472.0
0.803 , 469.0
0.805 , 461.0
0.808 , 453.0
0.81 , 448.0
0.813 , 440.0
0.816 , 436.0
0.818 , 431.0
0.821 , 424.0
0.823 , 421.0
0.826 , 413.0
0.828 , 406.0
0.831 , 396.0
0.834 , 402.0
0.836 , 378.0
0.839 , 370.0
0.841 , 366.0
0.844 , 362.0
0.846 , 381.0
0.849 , 353.0
0.852 , 346.0
0.854 , 340.0
0.857 , 333.0
0.86 , 328.0
0.862 , 322.0
0.865 , 326.0
0.867 , 318.0
0.87 , 316.0
0.872 , 314.0
0.875 , 309.0
0.878 , 320.0
0.88 , 295.0
0.883 , 286.0
0.885 , 282.0
0.888 , 275.0
0.891 , 300.0
0.893 , 267.0
0.896 , 261.0
0.898 , 257.0
0.901 , 248.0
0.903 , 250.0
0.906 , 231.0
0.909 , 246.0
0.911 , 217.0
0.914 , 212.0
0.917 , 209.0
0.919 , 207.0
0.922 , 226.0
0.924 , 202.0
0.927 , 197.0
0.929 , 193.0
0.932 , 189.0
0.935 , 207.0
0.937 , 186.0
0.94 , 188.0
0.942 , 189.0
0.945 , 190.0
0.948 , 189.0
0.95 , 186.0
0.953 , 199.0
0.955 , 177.0
0.958 , 172.0
0.96 , 169.0
0.963 , 165.0
0.965 , 182.0
0.968 , 162.0
0.971 , 160.0
0.973 , 157.0
0.976 , 152.0
0.978 , 147.0
0.981 , 142.0
0.984 , 147.0
0.986 , 136.0
0.989 , 138.0
0.991 , 139.0
0.994 , 143.0
0.997 , 156.0
0.999 , 146.0
1.002 , 147.0
1.004 , 147.0
1.007 , 149.0
1.009 , 168.0
1.012 , 156.0
1.015 , 164.0
1.017 , 166.0
1.02 , 172.0
1.022 , 174.0
1.025 , 175.0
1.028 , 174.0
1.03 , 174.0
1.033 , 175.0
1.035 , 176.0
1.038 , 179.0
1.041 , 181.0
1.043 , 184.0
1.046 , 187.0
1.048 , 187.0
1.051 , 187.0
1.054 , 187.0
1.056 , 188.0
1.059 , 185.0
1.061 , 194.0
1.064 , 201.0
1.066 , 206.0
1.069 , 214.0
1.072 , 211.0
1.074 , 225.0
1.077 , 230.0
1.079 , 233.0
1.082 , 239.0
1.085 , 234.0
1.087 , 253.0
1.09 , 263.0
1.092 , 270.0
1.095 , 278.0
1.097 , 265.0
1.1 , 288.0
1.103 , 263.0
1.105 , 294.0
1.108 , 299.0
1.111 , 302.0
1.113 , 308.0
1.116 , 296.0
1.118 , 318.0
1.121 , 321.0
1.123 , 323.0
1.126 , 325.0
1.129 , 323.0
1.131 , 331.0
1.134 , 339.0
1.137 , 347.0
1.139 , 354.0
1.141 , 328.0
1.144 , 369.0
1.147 , 376.0
1.149 , 381.0
1.152 , 387.0
1.155 , 392.0
1.157 , 401.0
1.16 , 411.0
1.162 , 419.0
1.165 , 429.0
1.167 , 435.0
1.17 , 441.0
1.173 , 423.0
1.175 , 448.0
1.178 , 451.0
1.18 , 452.0
1.183 , 456.0
1.185 , 428.0
1.188 , 465.0
1.191 , 470.0
1.193 , 472.0
1.196 , 473.0
1.199 , 474.0
1.201 , 476.0
1.204 , 457.0
1.206 , 481.0
1.209 , 485.0
1.211 , 491.0
1.214 , 498.0
1.217 , 477.0
1.219 , 508.0
1.222 , 511.0
1.224 , 512.0
1.227 , 516.0
1.229 , 496.0
1.232 , 523.0
1.235 , 504.0
1.237 , 535.0
1.24 , 540.0
1.242 , 543.0
1.245 , 545.0
1.248 , 531.0
1.25 , 543.0
1.253 , 542.0
1.255 , 541.0
1.258 , 542.0
1.261 , 515.0
1.263 , 543.0
1.266 , 543.0
1.268 , 542.0
1.271 , 539.0
1.273 , 524.0
1.276 , 531.0
1.279 , 529.0
1.281 , 527.0
1.284 , 527.0
1.287 , 528.0
1.289 , 528.0
1.292 , 527.0
1.294 , 528.0
1.297 , 525.0
1.299 , 522.0
1.302 , 520.0
1.305 , 501.0
1.307 , 517.0
1.31 , 518.0
1.312 , 517.0
1.315 , 516.0
1.318 , 514.0
1.32 , 510.0
1.323 , 501.0
1.325 , 499.0
1.328 , 492.0
1.33 , 488.0
1.333 , 482.0
1.336 , 479.0
1.338 , 476.0
1.341 , 469.0
1.343 , 465.0
1.346 , 457.0
1.348 , 456.0
1.351 , 442.0
1.354 , 435.0
1.356 , 431.0
1.359 , 426.0
1.361 , 424.0
1.364 , 420.0
1.367 , 432.0
1.369 , 411.0
1.372 , 405.0
1.374 , 400.0
1.377 , 395.0
1.38 , 393.0
1.382 , 387.0
1.385 , 385.0
1.387 , 382.0
1.39 , 378.0
1.393 , 383.0
1.395 , 366.0
1.398 , 357.0
1.4 , 350.0
1.403 , 342.0
1.406 , 337.0
1.408 , 330.0
1.411 , 351.0
1.413 , 320.0
1.416 , 313.0
1.418 , 308.0
1.421 , 298.0
1.424 , 301.0
1.426 , 283.0
1.429 , 276.0
1.431 , 273.0
1.434 , 269.0
1.437 , 285.0
1.439 , 263.0
1.442 , 258.0
1.444 , 254.0
1.447 , 249.0
1.449 , 274.0
1.452 , 241.0
1.455 , 256.0
1.457 , 236.0
1.46 , 233.0
1.462 , 231.0
1.465 , 227.0
1.468 , 237.0
1.47 , 216.0
1.473 , 210.0
1.475 , 205.0
1.478 , 200.0
1.481 , 216.0
1.483 , 192.0
1.486 , 189.0
1.488 , 186.0
1.491 , 182.0
1.494 , 180.0
1.496 , 174.0
1.499 , 184.0
1.501 , 168.0
1.504 , 168.0
1.506 , 167.0
1.509 , 168.0
1.512 , 183.0
1.514 , 167.0
1.517 , 165.0
1.519 , 164.0
1.522 , 161.0
1.525 , 174.0
1.527 , 160.0
1.53 , 160.0
1.532 , 161.0
1.535 , 161.0
1.538 , 161.0
1.54 , 162.0
1.543 , 156.0
1.545 , 158.0
1.548 , 156.0
1.55 , 156.0
1.553 , 157.0
1.555 , 166.0
1.558 , 160.0
1.561 , 163.0
1.563 , 164.0
1.566 , 164.0
1.568 , 164.0
1.571 , 165.0
1.574 , 176.0
1.576 , 168.0
1.579 , 174.0
1.581 , 177.0
1.584 , 182.0
1.586 , 176.0
1.589 , 189.0
1.592 , 192.0
1.594 , 193.0
1.597 , 197.0
1.599 , 196.0
1.602 , 205.0
1.605 , 204.0
1.607 , 215.0
1.61 , 219.0
1.612 , 223.0
1.615 , 226.0
1.618 , 221.0
1.62 , 231.0
1.623 , 235.0
1.625 , 238.0
1.628 , 243.0
1.63 , 238.0
1.633 , 254.0
1.636 , 258.0
1.638 , 261.0
1.641 , 266.0
1.644 , 269.0
1.646 , 273.0
1.649 , 275.0
1.651 , 285.0
1.654 , 293.0
1.656 , 299.0
1.659 , 307.0
1.661 , 284.0
1.664 , 318.0
1.667 , 323.0
1.669 , 327.0
1.672 , 333.0
1.675 , 337.0
1.677 , 346.0
1.68 , 354.0
1.682 , 359.0
1.685 , 367.0
1.688 , 370.0
1.69 , 374.0
1.693 , 363.0
1.695 , 381.0
1.698 , 386.0
1.7 , 390.0
1.703 , 397.0
1.705 , 371.0
1.708 , 407.0
1.711 , 414.0
1.713 , 417.0
1.716 , 421.0
1.718 , 402.0
1.721 , 430.0
1.724 , 437.0
1.726 , 441.0
1.729 , 449.0
1.731 , 438.0
1.734 , 461.0
1.737 , 439.0
1.739 , 469.0
1.742 , 473.0
1.745 , 476.0
1.747 , 481.0
1.75 , 460.0
1.752 , 489.0
1.755 , 495.0
1.757 , 497.0
1.76 , 501.0
1.763 , 478.0
1.765 , 501.0
1.768 , 503.0
1.77 , 504.0
1.773 , 506.0
1.775 , 489.0
1.778 , 512.0
1.781 , 517.0
1.783 , 518.0
1.786 , 521.0
1.789 , 522.0
1.791 , 524.0
1.794 , 505.0
1.796 , 526.0
1.799 , 529.0
1.801 , 531.0
1.804 , 535.0
1.807 , 524.0
1.809 , 539.0
1.812 , 540.0
1.814 , 538.0
1.817 , 537.0
1.82 , 516.0
1.822 , 534.0
1.825 , 533.0
1.827 , 533.0
1.83 , 533.0
1.832 , 519.0
1.835 , 527.0
1.838 , 523.0
1.84 , 520.0
1.843 , 516.0
1.845 , 513.0
1.848 , 509.0
1.851 , 510.0
1.853 , 506.0
1.856 , 504.0
1.858 , 502.0
1.861 , 499.0
1.864 , 484.0
1.866 , 492.0
1.869 , 488.0
1.871 , 486.0
1.874 , 483.0
1.876 , 481.0
1.879 , 480.0
1.882 , 477.0
1.884 , 475.0
1.887 , 469.0
1.89 , 466.0
1.892 , 459.0
1.895 , 453.0
1.897 , 449.0
1.9 , 443.0
1.903 , 440.0
1.905 , 434.0
1.908 , 434.0
1.91 , 422.0
1.913 , 414.0
1.915 , 408.0
1.918 , 399.0
1.921 , 406.0
1.923 , 389.0
1.926 , 384.0
1.928 , 381.0
1.931 , 376.0
1.933 , 386.0
1.936 , 366.0
1.939 , 360.0
1.942 , 356.0
1.944 , 350.0
1.946 , 356.0
1.949 , 342.0
1.952 , 338.0
1.954 , 335.0
1.957 , 329.0
1.959 , 325.0
1.962 , 319.0
1.965 , 330.0
1.967 , 308.0
1.97 , 301.0
1.972 , 297.0
1.975 , 290.0
1.978 , 301.0
1.98 , 279.0
1.983 , 272.0
1.985 , 267.0
1.988 , 260.0
1.991 , 273.0
1.993 , 249.0
1.996 , 243.0
1.998 , 241.0
2.001 , 237.0
2.004 , 234.0
2.006 , 230.0
2.009 , 250.0
2.011 , 222.0
2.014 , 218.0
2.016 , 215.0
2.019 , 212.0
2.022 , 222.0
2.024 , 208.0
2.027 , 205.0
2.029 , 203.0
2.032 , 200.0
2.035 , 213.0
2.037 , 193.0
2.04 , 189.0
2.042 , 187.0
2.045 , 185.0
2.047 , 183.0
2.05 , 181.0
2.053 , 197.0
2.055 , 177.0
2.058 , 174.0
2.06 , 172.0
2.063 , 169.0
2.066 , 177.0
2.068 , 166.0
2.071 , 164.0
2.073 , 164.0
2.076 , 164.0
2.078 , 163.0
2.081 , 163.0
2.084 , 174.0
2.086 , 161.0
2.089 , 161.0
2.091 , 161.0
2.094 , 163.0
2.096 , 172.0
2.099 , 166.0
2.102 , 169.0
2.104 , 170.0
2.107 , 172.0
2.109 , 176.0
2.112 , 174.0
2.115 , 178.0
2.117 , 177.0
2.12 , 180.0
2.122 , 182.0
2.125 , 185.0
2.128 , 193.0
2.13 , 189.0
2.133 , 191.0
2.135 , 192.0
2.138 , 194.0
2.141 , 191.0
2.143 , 199.0
2.146 , 203.0
2.148 , 206.0
2.151 , 210.0
2.154 , 214.0
2.156 , 218.0
2.159 , 215.0
2.161 , 225.0
2.164 , 229.0
2.166 , 233.0
2.169 , 239.0
2.171 , 238.0
2.174 , 249.0
2.177 , 255.0
2.179 , 258.0
2.182 , 264.0
2.185 , 267.0
2.187 , 272.0
2.19 , 278.0
2.192 , 282.0
2.195 , 288.0
2.197 , 278.0
2.2 , 298.0
2.203 , 286.0
2.205 , 308.0
2.208 , 312.0
2.211 , 316.0
2.213 , 320.0
2.216 , 309.0
2.218 , 330.0
2.221 , 336.0
2.223 , 341.0
2.226 , 347.0
2.229 , 332.0
2.231 , 358.0
2.234 , 364.0
2.236 , 368.0
2.239 , 374.0
2.241 , 359.0
2.244 , 385.0
2.247 , 392.0
2.249 , 397.0
2.252 , 404.0
2.255 , 408.0
2.257 , 414.0
2.26 , 391.0
2.262 , 423.0
2.265 , 429.0
2.267 , 433.0
2.27 , 438.0
2.273 , 417.0
2.275 , 446.0
2.278 , 451.0
2.28 , 454.0
2.283 , 457.0
2.286 , 441.0
2.288 , 464.0
2.291 , 468.0
2.293 , 471.0
2.296 , 476.0
2.298 , 454.0
2.301 , 483.0
2.304 , 486.0
2.306 , 489.0
2.309 , 493.0
2.311 , 494.0
2.314 , 496.0
2.317 , 479.0
2.319 , 503.0
2.322 , 507.0
2.324 , 509.0
2.327 , 513.0
2.33 , 500.0
2.332 , 518.0
2.335 , 520.0
2.337 , 522.0
2.34 , 523.0
2.343 , 500.0
2.345 , 525.0
2.348 , 527.0
2.35 , 528.0
2.353 , 528.0
2.355 , 529.0
2.358 , 528.0
2.361 , 511.0
2.363 , 525.0
2.366 , 524.0
2.368 , 523.0
2.371 , 522.0
2.373 , 510.0
2.376 , 520.0
2.379 , 518.0
2.381 , 517.0
2.384 , 515.0
2.387 , 513.0
2.389 , 511.0
2.392 , 502.0
2.394 , 507.0
2.397 , 506.0
2.399 , 505.0
2.402 , 503.0
2.405 , 497.0
2.407 , 498.0
2.41 , 495.0
2.412 , 492.0
2.415 , 488.0
2.418 , 482.0
2.42 , 482.0
2.423 , 478.0
2.425 , 475.0
2.428 , 470.0
2.43 , 468.0
2.433 , 462.0
2.436 , 455.0
2.438 , 451.0
2.441 , 445.0
2.444 , 441.0
2.446 , 436.0
2.449 , 442.0
2.451 , 427.0
2.454 , 421.0
2.456 , 417.0
2.459 , 411.0
2.461 , 409.0
2.464 , 401.0
2.467 , 395.0
2.469 , 393.0
2.472 , 388.0
2.475 , 385.0
2.477 , 381.0
2.48 , 386.0
2.482 , 371.0
2.485 , 365.0
2.487 , 360.0
2.49 , 354.0
2.493 , 365.0
2.495 , 344.0
2.498 , 338.0
2.5 , 334.0
2.503 , 328.0
2.505 , 334.0
2.508 , 317.0
2.511 , 310.0
2.513 , 305.0
2.516 , 299.0
2.519 , 294.0
2.521 , 288.0
2.524 , 301.0
2.526 , 279.0
2.529 , 273.0
2.531 , 270.0
2.534 , 264.0
2.537 , 277.0
2.539 , 256.0
2.542 , 251.0
2.544 , 249.0
2.547 , 245.0
2.549 , 257.0
2.552 , 238.0
2.555 , 234.0
2.557 , 231.0
2.56 , 227.0
2.563 , 223.0
2.565 , 219.0
2.568 , 239.0
2.57 , 212.0
2.573 , 209.0
2.575 , 208.0
2.578 , 202.0
2.581 , 211.0
2.583 , 196.0
2.586 , 191.0
2.588 , 189.0
2.591 , 188.0
2.594 , 185.0
2.596 , 183.0
2.599 , 197.0
2.601 , 181.0
2.604 , 179.0
2.606 , 178.0
2.609 , 177.0
2.611 , 192.0
2.614 , 175.0
2.617 , 174.0
2.619 , 174.0
2.622 , 173.0
2.625 , 180.0
2.627 , 172.0
2.63 , 172.0
2.632 , 171.0
2.635 , 170.0
2.637 , 170.0
2.64 , 172.0
2.643 , 179.0
2.645 , 171.0
2.648 , 172.0
2.65 , 173.0
2.653 , 174.0
2.656 , 180.0
2.658 , 176.0
2.661 , 178.0
2.663 , 179.0
2.666 , 182.0
2.668 , 183.0
2.671 , 187.0
2.674 , 191.0
2.676 , 192.0
2.679 , 197.0
2.681 , 199.0
2.684 , 201.0
2.686 , 205.0
2.689 , 208.0
2.692 , 212.0
2.694 , 214.0
2.697 , 219.0
2.699 , 221.0
2.702 , 225.0
2.705 , 219.0
2.707 , 231.0
2.71 , 236.0
2.712 , 238.0
2.715 , 242.0
2.717 , 237.0
2.72 , 250.0
2.723 , 254.0
2.725 , 257.0
2.728 , 263.0
2.731 , 266.0
2.733 , 271.0
2.736 , 264.0
2.738 , 280.0
2.741 , 286.0
2.744 , 293.0
2.746 , 297.0
2.749 , 286.0
2.751 , 307.0
2.754 , 313.0
2.756 , 317.0
2.759 , 323.0
2.761 , 310.0
2.764 , 333.0
2.767 , 340.0
2.769 , 344.0
2.772 , 350.0
2.775 , 355.0
2.777 , 360.0
2.78 , 341.0
2.782 , 369.0
2.785 , 374.0
2.787 , 377.0
2.79 , 383.0
2.793 , 366.0
2.795 , 392.0
2.798 , 398.0
2.8 , 401.0
2.803 , 407.0
2.805 , 392.0
2.808 , 417.0
2.811 , 421.0
2.813 , 425.0
2.816 , 431.0
2.819 , 436.0
2.821 , 441.0
2.824 , 418.0
2.826 , 451.0
2.829 , 455.0
2.831 , 458.0
2.834 , 463.0
2.837 , 442.0
2.839 , 469.0
2.842 , 475.0
2.844 , 477.0
2.847 , 480.0
2.849 , 465.0
2.852 , 486.0
2.855 , 466.0
2.857 , 488.0
2.86 , 490.0
2.863 , 493.0
2.865 , 495.0
2.868 , 477.0
2.87 , 500.0
2.873 , 504.0
2.875 , 506.0
2.878 , 508.0
2.881 , 489.0
2.883 , 511.0
2.886 , 514.0
2.888 , 515.0
2.891 , 518.0
2.893 , 501.0
2.896 , 522.0
2.899 , 524.0
2.901 , 524.0
2.904 , 524.0
2.907 , 524.0
2.909 , 522.0
2.912 , 508.0
2.914 , 520.0
2.917 , 519.0
2.919 , 518.0
2.922 , 517.0
2.925 , 505.0
2.927 , 512.0
2.93 , 509.0
2.932 , 506.0
2.935 , 503.0
2.937 , 493.0
2.94 , 499.0
2.943 , 486.0
2.945 , 496.0
2.948 , 494.0
2.951 , 494.0
2.953 , 490.0
2.956 , 483.0
2.958 , 484.0
2.961 , 482.0
2.963 , 480.0
2.966 , 477.0
2.969 , 476.0
2.971 , 472.0
2.974 , 469.0
2.976 , 466.0
2.979 , 461.0
2.981 , 453.0
2.984 , 451.0
2.987 , 445.0
2.989 , 442.0
2.992 , 436.0
2.995 , 432.0
2.997 , 426.0
3.0 , 428.0
3.002 , 416.0
3.005 , 409.0
3.007 , 404.0
3.01 , 399.0
3.013 , 405.0
3.015 , 389.0
3.018 , 384.0
3.02 , 381.0
3.023 , 376.0
3.026 , 373.0
3.028 , 368.0
3.031 , 374.0
3.033 , 359.0
3.036 , 354.0
3.038 , 350.0
3.041 , 346.0
3.044 , 354.0
3.046 , 338.0
3.049 , 332.0
3.051 , 328.0
3.054 , 321.0
3.057 , 330.0
3.059 , 311.0
3.062 , 305.0
3.064 , 300.0
3.067 , 294.0
3.069 , 305.0
3.072 , 283.0
3.075 , 295.0
3.077 , 273.0
3.08 , 267.0
3.082 , 263.0
3.085 , 257.0
3.088 , 275.0
3.09 , 250.0
3.093 , 246.0
3.095 , 243.0
3.098 , 239.0
3.101 , 248.0
3.103 , 233.0
3.106 , 229.0
3.108 , 227.0
3.111 , 224.0
3.114 , 222.0
3.116 , 220.0
3.119 , 232.0
3.121 , 213.0
3.124 , 210.0
3.126 , 207.0
3.129 , 203.0
3.132 , 220.0
3.134 , 196.0
3.137 , 195.0
3.139 , 194.0
3.142 , 190.0
3.145 , 199.0
3.147 , 187.0
3.15 , 185.0
3.152 , 184.0
3.155 , 183.0
3.157 , 181.0
3.16 , 180.0
3.163 , 189.0
3.165 , 177.0
3.168 , 177.0
3.17 , 177.0
3.173 , 176.0
3.176 , 185.0
3.178 , 177.0
3.181 , 176.0
3.183 , 176.0
3.186 , 176.0
3.188 , 177.0
3.191 , 178.0
3.194 , 186.0
3.196 , 180.0
3.199 , 182.0
3.201 , 182.0
3.204 , 183.0
3.206 , 194.0
3.209 , 187.0
3.212 , 189.0
3.214 , 190.0
3.217 , 193.0
3.219 , 191.0
3.222 , 197.0
3.225 , 194.0
3.227 , 201.0
3.23 , 204.0
3.232 , 207.0
3.235 , 209.0
3.238 , 210.0
3.24 , 216.0
3.243 , 220.0
3.245 , 223.0
3.248 , 227.0
3.25 , 230.0
3.253 , 234.0
3.256 , 238.0
3.258 , 241.0
3.261 , 246.0
3.264 , 249.0
3.266 , 255.0
3.269 , 247.0
3.271 , 262.0
3.274 , 267.0
3.276 , 270.0
3.279 , 275.0
3.281 , 267.0
3.284 , 283.0
3.287 , 289.0
3.289 , 293.0
3.292 , 298.0
3.295 , 302.0
3.297 , 307.0
3.3 , 313.0
3.302 , 316.0
3.305 , 321.0
3.307 , 308.0
3.31 , 330.0
3.313 , 317.0
3.315 , 341.0
3.318 , 346.0
3.32 , 352.0
3.323 , 357.0
3.326 , 347.0
3.328 , 367.0
3.331 , 372.0
3.333 , 376.0
3.336 , 382.0
3.339 , 361.0
3.341 , 391.0
3.344 , 397.0
3.346 , 401.0
3.349 , 407.0
3.351 , 389.0
3.354 , 415.0
3.357 , 396.0
3.359 , 424.0
3.362 , 429.0
3.365 , 432.0
3.367 , 436.0
3.37 , 425.0
3.372 , 444.0
3.375 , 449.0
3.377 , 451.0
3.38 , 455.0
3.383 , 430.0
3.385 , 463.0
3.388 , 467.0
3.39 , 469.0
3.393 , 474.0
3.395 , 455.0
3.398 , 480.0
3.401 , 483.0
3.403 , 485.0
3.406 , 486.0
3.409 , 487.0
3.411 , 491.0
3.414 , 476.0
3.416 , 495.0
3.419 , 499.0
3.421 , 501.0
3.424 , 504.0
3.427 , 484.0
3.429 , 507.0
3.432 , 508.0
3.434 , 509.0
3.437 , 510.0
3.439 , 495.0
3.442 , 514.0
3.445 , 501.0
3.447 , 516.0
3.45 , 516.0
3.452 , 516.0
3.455 , 515.0
3.458 , 496.0
3.46 , 512.0
3.463 , 511.0
3.465 , 511.0
3.468 , 510.0
3.471 , 497.0
3.473 , 507.0
3.476 , 505.0
3.478 , 503.0
3.481 , 500.0
3.483 , 492.0
3.486 , 496.0
3.489 , 494.0
3.491 , 492.0
3.494 , 490.0
3.497 , 489.0
3.499 , 487.0
3.502 , 473.0
3.504 , 481.0
3.507 , 478.0
3.509 , 475.0
3.512 , 472.0
3.515 , 469.0
3.517 , 467.0
3.52 , 463.0
3.522 , 461.0
3.525 , 456.0
3.528 , 460.0
3.53 , 448.0
3.533 , 442.0
3.535 , 438.0
3.538 , 433.0
3.54 , 429.0
3.543 , 424.0
3.546 , 419.0
3.548 , 415.0
3.551 , 409.0
3.553 , 405.0
3.556 , 399.0
3.559 , 403.0
3.561 , 390.0
3.564 , 385.0
3.566 , 382.0
3.569 , 377.0
3.571 , 387.0
3.574 , 369.0
3.577 , 363.0
3.579 , 360.0
3.582 , 354.0
3.585 , 350.0
3.587 , 345.0
3.59 , 353.0
3.592 , 337.0
3.595 , 331.0
3.597 , 328.0
3.6 , 322.0
3.603 , 331.0
3.605 , 312.0
3.608 , 305.0
3.61 , 301.0
3.613 , 296.0
3.615 , 307.0
3.618 , 286.0
3.621 , 281.0
3.623 , 277.0
3.626 , 271.0
3.629 , 267.0
3.631 , 263.0
3.634 , 276.0
3.636 , 255.0
3.639 , 251.0
3.641 , 248.0
3.644 , 245.0
3.647 , 263.0
3.649 , 238.0
3.652 , 233.0
3.654 , 231.0
3.657 , 228.0
3.659 , 234.0
3.662 , 222.0
3.665 , 220.0
3.667 , 217.0
3.67 , 214.0
3.673 , 211.0
3.675 , 208.0
3.678 , 220.0
3.68 , 201.0
3.683 , 199.0
3.685 , 199.0
3.688 , 196.0
3.691 , 212.0
3.693 , 194.0
3.696 , 193.0
3.698 , 191.0
3.701 , 191.0
3.704 , 188.0
3.706 , 188.0
3.709 , 196.0
3.711 , 184.0
3.714 , 184.0
3.716 , 183.0
3.719 , 182.0
3.722 , 191.0
3.724 , 182.0
3.727 , 181.0
3.729 , 181.0
3.732 , 181.0
3.735 , 190.0
3.737 , 182.0
3.74 , 184.0
3.742 , 184.0
3.745 , 186.0
3.747 , 186.0
3.75 , 188.0
3.753 , 193.0
3.755 , 191.0
3.758 , 192.0
3.76 , 195.0
3.763 , 198.0
3.766 , 206.0
3.768 , 203.0
3.771 , 207.0
3.773 , 208.0
3.776 , 210.0
3.778 , 212.0
3.781 , 215.0
3.784 , 209.0
3.786 , 220.0
3.789 , 224.0
3.791 , 227.0
3.794 , 230.0
3.796 , 227.0
3.799 , 236.0
3.802 , 241.0
3.804 , 242.0
3.807 , 246.0
3.809 , 250.0
3.812 , 254.0
3.815 , 259.0
3.817 , 263.0
3.82 , 268.0
3.822 , 255.0
3.825 , 276.0
3.828 , 281.0
3.83 , 284.0
3.833 , 290.0
3.835 , 294.0
3.838 , 300.0
3.841 , 290.0
3.843 , 309.0
3.846 , 315.0
3.848 , 318.0
3.851 , 323.0
3.854 , 312.0
3.856 , 331.0
3.859 , 337.0
3.861 , 340.0
3.864 , 346.0
3.867 , 331.0
3.869 , 356.0
3.872 , 361.0
3.874 , 365.0
3.877 , 370.0
3.88 , 373.0
3.882 , 378.0
3.885 , 369.0
3.887 , 388.0
3.89 , 394.0
3.892 , 398.0
3.895 , 403.0
3.898 , 382.0
3.9 , 412.0
3.903 , 417.0
3.905 , 421.0
3.908 , 425.0
3.911 , 407.0
3.913 , 434.0
3.916 , 439.0
3.918 , 443.0
3.921 , 447.0
3.923 , 432.0
3.926 , 453.0
3.929 , 443.0
3.931 , 459.0
3.934 , 463.0
3.937 , 467.0
3.939 , 469.0
3.942 , 442.0
3.944 , 475.0
3.947 , 478.0
3.949 , 479.0
3.952 , 482.0
3.955 , 464.0
3.957 , 485.0
3.96 , 486.0
3.962 , 489.0
3.965 , 492.0
3.968 , 493.0
3.97 , 495.0
3.973 , 481.0
3.975 , 501.0
3.978 , 501.0
3.98 , 503.0
3.983 , 505.0
3.986 , 486.0
3.988 , 507.0
3.991 , 509.0
3.993 , 510.0
3.996 , 511.0
3.999 , 495.0
4.001 , 511.0
4.004 , 510.0
4.006 , 509.0
4.009 , 508.0
4.012 , 506.0
4.014 , 505.0
4.017 , 490.0
4.019 , 501.0
4.022 , 499.0
4.024 , 498.0
4.027 , 495.0
4.03 , 485.0
4.032 , 490.0
4.035 , 487.0
4.037 , 486.0
4.04 , 483.0
4.043 , 477.0
4.045 , 480.0
4.048 , 478.0
4.05 , 476.0
4.053 , 473.0
4.056 , 471.0
4.058 , 468.0
4.061 , 456.0
4.063 , 463.0
4.066 , 460.0
4.068 , 458.0
4.071 , 454.0
4.074 , 451.0
4.076 , 446.0
4.079 , 441.0
4.081 , 437.0
4.084 , 432.0
4.087 , 439.0
4.089 , 422.0
4.092 , 417.0
4.094 , 413.0
4.097 , 407.0
4.1 , 404.0
4.102 , 397.0
4.105 , 396.0
4.107 , 388.0
4.11 , 382.0
4.112 , 379.0
4.115 , 374.0
4.118 , 381.0
4.12 , 367.0
4.123 , 363.0
4.125 , 359.0
4.128 , 354.0
4.131 , 367.0
4.133 , 346.0
4.136 , 341.0
4.138 , 338.0
4.141 , 333.0
4.144 , 328.0
4.146 , 325.0
4.149 , 332.0
4.151 , 315.0
4.154 , 309.0
4.156 , 305.0
4.159 , 299.0
4.162 , 308.0
4.164 , 289.0
4.167 , 283.0
4.169 , 279.0
4.172 , 274.0
4.174 , 286.0
4.177 , 265.0
4.18 , 260.0
4.182 , 257.0
4.185 , 252.0
4.187 , 250.0
4.19 , 246.0
4.193 , 260.0
4.195 , 241.0
4.198 , 237.0
4.2 , 235.0
4.203 , 232.0
4.205 , 250.0
4.208 , 227.0
4.211 , 224.0
4.213 , 222.0
4.216 , 220.0
4.219 , 218.0
4.221 , 215.0
4.224 , 220.0
4.226 , 208.0
4.229 , 205.0
4.231 , 204.0
4.234 , 201.0
4.237 , 213.0
4.239 , 199.0
4.242 , 197.0
4.244 , 195.0
4.247 , 194.0
4.249 , 211.0
4.252 , 191.0
4.255 , 189.0
4.257 , 188.0
4.26 , 187.0
4.263 , 187.0
4.265 , 187.0
4.268 , 195.0
4.27 , 187.0
4.273 , 187.0
4.275 , 186.0
4.278 , 186.0
4.281 , 194.0
4.283 , 188.0
4.286 , 188.0
4.288 , 190.0
4.291 , 192.0
4.293 , 198.0
4.296 , 195.0
4.299 , 192.0
4.301 , 198.0
4.304 , 199.0
4.306 , 200.0
4.309 , 202.0
4.312 , 206.0
4.314 , 208.0
4.317 , 210.0
4.319 , 212.0
4.322 , 214.0
4.325 , 221.0
4.327 , 218.0
4.33 , 221.0
4.332 , 223.0
4.335 , 226.0
4.337 , 221.0
4.34 , 233.0
4.343 , 222.0
4.345 , 240.0
4.348 , 243.0
4.35 , 246.0
4.353 , 250.0
4.356 , 246.0
4.358 , 257.0
4.361 , 263.0
4.363 , 266.0
4.366 , 271.0
4.369 , 272.0
4.371 , 280.0
4.374 , 284.0
4.376 , 287.0
4.379 , 292.0
4.381 , 276.0
4.384 , 301.0
4.387 , 306.0
4.389 , 310.0
4.392 , 316.0
4.395 , 318.0
4.397 , 322.0
4.4 , 312.0
4.402 , 330.0
4.405 , 335.0
4.407 , 339.0
4.41 , 344.0
4.413 , 333.0
4.415 , 354.0
4.418 , 360.0
4.42 , 363.0
4.423 , 369.0
4.425 , 352.0
4.428 , 377.0
4.431 , 361.0
4.433 , 386.0
4.436 , 392.0
4.438 , 397.0
4.441 , 402.0
4.444 , 390.0
4.446 , 410.0
4.449 , 415.0
4.451 , 418.0
4.454 , 423.0
4.457 , 401.0
4.459 , 430.0
4.462 , 435.0
4.464 , 438.0
4.467 , 442.0
4.469 , 424.0
4.472 , 448.0
4.475 , 452.0
4.477 , 454.0
4.48 , 457.0
4.483 , 460.0
4.485 , 464.0
4.488 , 468.0
4.49 , 470.0
4.493 , 474.0
4.495 , 476.0
4.498 , 478.0
4.501 , 451.0
4.503 , 482.0
4.506 , 483.0
4.508 , 483.0
4.511 , 486.0
4.513 , 470.0
4.516 , 491.0
4.519 , 492.0
4.521 , 494.0
4.524 , 496.0
4.527 , 497.0
4.529 , 498.0
4.532 , 486.0
4.534 , 500.0
4.537 , 501.0
4.539 , 502.0
4.542 , 503.0
4.545 , 484.0
4.547 , 504.0
4.55 , 503.0
4.552 , 503.0
4.555 , 503.0
4.557 , 490.0
4.56 , 499.0
4.563 , 489.0
4.565 , 497.0
4.568 , 495.0
4.571 , 494.0
4.573 , 491.0
4.576 , 480.0
4.578 , 487.0
4.581 , 484.0
4.583 , 482.0
4.586 , 480.0
4.589 , 472.0
4.591 , 476.0
4.594 , 474.0
4.596 , 472.0
4.599 , 469.0
4.601 , 463.0
4.604 , 464.0
4.607 , 461.0
4.609 , 458.0
4.612 , 455.0
4.615 , 452.0
4.617 , 449.0
4.62 , 439.0
4.622 , 442.0
4.625 , 437.0
4.627 , 434.0
4.63 , 429.0
4.633 , 429.0
4.635 , 420.0
4.638 , 415.0
4.64 , 412.0
4.643 , 407.0
4.646 , 404.0
4.648 , 398.0
4.651 , 404.0
4.653 , 388.0
4.656 , 384.0
4.658 , 380.0
4.661 , 375.0
4.663 , 374.0
4.666 , 367.0
4.669 , 362.0
4.671 , 359.0
4.674 , 354.0
4.676 , 360.0
4.679 , 345.0
4.682 , 341.0
4.684 , 337.0
4.687 , 332.0
4.689 , 329.0
4.692 , 325.0
4.695 , 333.0
4.697 , 316.0
4.7 , 310.0
4.702 , 307.0
4.705 , 301.0
4.708 , 309.0
4.71 , 291.0
4.713 , 287.0
4.715 , 284.0
4.718 , 279.0
4.721 , 289.0
4.723 , 270.0
4.726 , 264.0
4.728 , 261.0
4.731 , 256.0
4.734 , 254.0
4.736 , 251.0
4.739 , 253.0
4.741 , 244.0
4.744 , 241.0
4.747 , 238.0
4.749 , 235.0
4.752 , 248.0
4.754 , 230.0
4.757 , 227.0
4.759 , 225.0
4.762 , 222.0
4.765 , 242.0
4.767 , 218.0
4.77 , 215.0
4.772 , 213.0
4.775 , 211.0
4.777 , 215.0
4.78 , 206.0
4.783 , 207.0
4.785 , 204.0
4.788 , 204.0
4.79 , 202.0
4.793 , 201.0
4.796 , 210.0
4.798 , 197.0
4.801 , 195.0
4.803 , 194.0
4.806 , 192.0
4.809 , 214.0
4.811 , 192.0
4.814 , 192.0
4.816 , 192.0
4.819 , 191.0
4.822 , 191.0
4.824 , 191.0
4.827 , 197.0
4.829 , 191.0
4.832 , 192.0
4.834 , 194.0
4.837 , 196.0
4.84 , 203.0
4.842 , 199.0
4.845 , 201.0
4.847 , 202.0
4.85 , 204.0
4.852 , 209.0
4.855 , 208.0
4.858 , 210.0
4.86 , 212.0
4.863 , 216.0
4.865 , 217.0
4.868 , 220.0
4.871 , 220.0
4.873 , 224.0
4.876 , 225.0
4.878 , 227.0
4.881 , 229.0
4.883 , 236.0
4.886 , 236.0
4.889 , 240.0
4.891 , 242.0
4.894 , 245.0
4.896 , 248.0
4.899 , 253.0
4.902 , 238.0
4.904 , 258.0
4.907 , 263.0
4.909 , 266.0
4.912 , 273.0
4.915 , 265.0
4.917 , 281.0
4.92 , 286.0
4.922 , 288.0
4.925 , 294.0
4.927 , 296.0
4.93 , 302.0
4.933 , 293.0
4.935 , 312.0
4.938 , 316.0
4.94 , 320.0
4.943 , 324.0
4.946 , 310.0
4.948 , 331.0
4.951 , 335.0
4.953 , 339.0
4.956 , 344.0
4.959 , 332.0
4.961 , 352.0
4.964 , 358.0
4.966 , 361.0
4.969 , 366.0
4.971 , 355.0
4.974 , 374.0
4.977 , 380.0
4.979 , 383.0
4.982 , 389.0
4.985 , 393.0
4.987 , 399.0
4.99 , 383.0
4.992 , 408.0
4.995 , 413.0
4.997 , 416.0
5.0 , 420.0
5.003 , 407.0
5.005 , 428.0
5.008 , 433.0
5.01 , 436.0
5.013 , 440.0
5.016 , 418.0
5.018 , 446.0
5.021 , 449.0
5.023 , 450.0
5.026 , 454.0
5.028 , 437.0
5.031 , 459.0
5.034 , 463.0
5.036 , 465.0
5.039 , 467.0
5.041 , 471.0
5.044 , 473.0
5.047 , 466.0
5.049 , 476.0
5.052 , 479.0
5.054 , 479.0
5.057 , 480.0
5.06 , 455.0
5.062 , 486.0
5.065 , 487.0
5.067 , 489.0
5.07 , 491.0
5.073 , 476.0
5.075 , 494.0
5.078 , 496.0
5.08 , 496.0
5.083 , 497.0
5.086 , 498.0
5.088 , 499.0
5.091 , 489.0
5.093 , 499.0
5.096 , 499.0
5.098 , 498.0
5.101 , 497.0
5.103 , 477.0
5.106 , 494.0
5.109 , 492.0
5.111 , 491.0
5.114 , 489.0
5.117 , 488.0
5.119 , 487.0
5.122 , 478.0
5.124 , 482.0
5.127 , 480.0
5.129 , 478.0
5.132 , 475.0
5.135 , 469.0
5.137 , 472.0
5.14 , 469.0
5.142 , 468.0
5.145 , 465.0
5.148 , 459.0
5.15 , 461.0
5.153 , 458.0
5.155 , 455.0
5.158 , 453.0
5.16 , 450.0
5.163 , 447.0
5.166 , 443.0
5.168 , 440.0
5.171 , 435.0
5.173 , 432.0
5.176 , 427.0
5.179 , 417.0
5.181 , 418.0
5.184 , 413.0
5.186 , 410.0
5.189 , 405.0
5.191 , 407.0
5.194 , 396.0
5.197 , 391.0
5.199 , 387.0
5.202 , 382.0
5.205 , 379.0
5.207 , 374.0
5.21 , 388.0
5.212 , 366.0
5.215 , 362.0
5.217 , 359.0
5.22 , 354.0
5.223 , 353.0
5.225 , 346.0
5.228 , 342.0
5.23 , 339.0
5.233 , 334.0
5.235 , 341.0
5.238 , 326.0
5.241 , 321.0
5.243 , 318.0
5.246 , 312.0
5.249 , 308.0
5.251 , 303.0
5.254 , 314.0
5.256 , 293.0
5.259 , 288.0
5.261 , 285.0
5.264 , 280.0
5.267 , 289.0
5.269 , 272.0
5.272 , 267.0
5.274 , 264.0
5.277 , 260.0
5.279 , 272.0
5.282 , 253.0
5.285 , 274.0
5.287 , 248.0
5.29 , 244.0
5.292 , 243.0
5.295 , 240.0
5.298 , 242.0
5.3 , 234.0
5.303 , 231.0
5.305 , 230.0
5.308 , 227.0
5.31 , 237.0
5.313 , 222.0
5.316 , 220.0
5.318 , 218.0
5.321 , 215.0
5.324 , 213.0
5.326 , 212.0
5.329 , 231.0
5.331 , 208.0
5.334 , 207.0
5.336 , 206.0
5.339 , 204.0
5.341 , 204.0
5.344 , 202.0
5.347 , 200.0
5.349 , 199.0
5.352 , 198.0
5.355 , 208.0
5.357 , 197.0
5.36 , 197.0
5.362 , 197.0
5.365 , 197.0
5.367 , 196.0
5.37 , 197.0
5.373 , 204.0
5.375 , 196.0
5.378 , 198.0
5.38 , 199.0
5.383 , 201.0
5.386 , 204.0
5.388 , 203.0
5.391 , 205.0
5.393 , 206.0
5.396 , 208.0
5.398 , 209.0
5.401 , 212.0
5.404 , 222.0
5.406 , 214.0
5.409 , 218.0
5.411 , 219.0
5.414 , 223.0
5.416 , 214.0
5.419 , 226.0
5.422 , 229.0
5.424 , 231.0
5.427 , 233.0
5.429 , 236.0
5.432 , 240.0
5.435 , 238.0
5.437 , 245.0
5.44 , 249.0
5.442 , 250.0
5.445 , 256.0
5.447 , 259.0
5.45 , 262.0
5.453 , 265.0
5.455 , 269.0
5.458 , 274.0
5.461 , 277.0
5.463 , 282.0
5.466 , 275.0
5.468 , 290.0
5.471 , 295.0
5.473 , 298.0
5.476 , 303.0
5.479 , 294.0
5.481 , 311.0
5.484 , 316.0
5.486 , 319.0
5.489 , 324.0
5.491 , 314.0
5.494 , 332.0
5.497 , 336.0
5.499 , 339.0
5.502 , 344.0
5.505 , 347.0
5.507 , 353.0
5.51 , 341.0
5.512 , 360.0
5.515 , 366.0
5.517 , 370.0
5.52 , 374.0
5.523 , 366.0
5.525 , 382.0
5.528 , 387.0
5.53 , 391.0
5.533 , 397.0
5.535 , 375.0
5.538 , 405.0
5.541 , 378.0
5.543 , 413.0
5.546 , 416.0
5.549 , 421.0
5.551 , 424.0
5.554 , 408.0
5.556 , 431.0
5.559 , 436.0
5.561 , 439.0
5.564 , 442.0
5.567 , 434.0
5.569 , 448.0
5.572 , 451.0
5.574 , 453.0
5.577 , 456.0
5.579 , 429.0
5.582 , 462.0
5.585 , 464.0
5.587 , 466.0
5.59 , 469.0
5.593 , 471.0
5.595 , 472.0
5.598 , 458.0
5.6 , 477.0
5.603 , 477.0
5.605 , 477.0
5.608 , 480.0
5.611 , 466.0
5.613 , 483.0
5.616 , 485.0
5.618 , 486.0
5.621 , 488.0
5.623 , 469.0
5.626 , 490.0
5.629 , 491.0
5.631 , 492.0
5.634 , 493.0
5.637 , 493.0
5.639 , 493.0
5.642 , 482.0
5.644 , 494.0
5.647 , 493.0
5.649 , 492.0
5.652 , 490.0
5.655 , 475.0
5.657 , 487.0
5.66 , 486.0
5.662 , 484.0
5.665 , 483.0
5.667 , 475.0
5.67 , 478.0
5.673 , 470.0
5.675 , 474.0
5.678 , 471.0
5.681 , 470.0
5.683 , 467.0
5.686 , 471.0
5.688 , 463.0
5.691 , 461.0
5.693 , 459.0
5.696 , 456.0
5.699 , 441.0
5.701 , 452.0
5.704 , 448.0
5.706 , 447.0
5.709 , 443.0
5.711 , 440.0
5.714 , 437.0
5.717 , 434.0
5.719 , 431.0
5.722 , 426.0
5.725 , 423.0
5.727 , 418.0
5.73 , 422.0
5.732 , 409.0
5.735 , 404.0
5.737 , 400.0
5.74 , 396.0
5.743 , 391.0
5.745 , 386.0
5.748 , 382.0
5.751 , 378.0
5.753 , 374.0
5.756 , 371.0
5.758 , 366.0
5.761 , 371.0
5.763 , 358.0
5.766 , 354.0
5.768 , 351.0
5.771 , 346.0
5.773 , 351.0
5.776 , 339.0
5.779 , 334.0
5.781 , 331.0
5.784 , 327.0
5.786 , 334.0
5.789 , 319.0
5.792 , 315.0
5.794 , 311.0
5.797 , 306.0
5.799 , 302.0
5.802 , 297.0
5.805 , 316.0
5.807 , 288.0
5.81 , 284.0
5.812 , 280.0
5.815 , 275.0
5.818 , 274.0
5.82 , 267.0
5.823 , 263.0
5.825 , 260.0
5.828 , 256.0
5.831 , 268.0
5.833 , 251.0
5.836 , 248.0
5.838 , 245.0
5.841 , 242.0
5.844 , 241.0
5.846 , 239.0
5.849 , 255.0
5.851 , 233.0
5.854 , 231.0
5.856 , 228.0
5.859 , 227.0
5.862 , 229.0
5.864 , 222.0
5.867 , 220.0
5.869 , 220.0
5.872 , 217.0
5.875 , 227.0
5.877 , 213.0
5.88 , 211.0
5.882 , 211.0
5.885 , 209.0
5.887 , 208.0
5.89 , 207.0
5.893 , 214.0
5.895 , 204.0
5.898 , 203.0
5.9 , 202.0
5.903 , 201.0
5.906 , 208.0
5.908 , 201.0
5.911 , 201.0
5.913 , 201.0
5.916 , 201.0
5.918 , 201.0
5.921 , 202.0
5.924 , 218.0
5.926 , 202.0
5.929 , 204.0
5.931 , 205.0
5.934 , 207.0
5.937 , 202.0
5.939 , 211.0
5.942 , 213.0
5.944 , 213.0
5.947 , 216.0
5.95 , 220.0
5.952 , 219.0
5.955 , 221.0
5.957 , 224.0
5.96 , 227.0
5.962 , 228.0
5.965 , 231.0
5.968 , 239.0
5.97 , 234.0
5.973 , 237.0
5.975 , 239.0
5.978 , 242.0
5.98 , 231.0
5.983 , 247.0
5.986 , 251.0
5.988 , 254.0
5.991 , 257.0
5.994 , 260.0
5.996 , 263.0
5.999 , 259.0
6.001 , 271.0
6.004 , 276.0
6.006 , 279.0
6.009 , 284.0
6.011 , 276.0
6.014 , 292.0
6.017 , 297.0
6.019 , 300.0
6.022 , 304.0
6.025 , 307.0
6.027 , 312.0
6.03 , 317.0
6.032 , 320.0
6.035 , 325.0
6.037 , 314.0
6.04 , 331.0
6.043 , 327.0
6.045 , 338.0
6.048 , 343.0
6.05 , 346.0
6.053 , 351.0
6.056 , 332.0
6.058 , 360.0
6.061 , 364.0
6.064 , 368.0
6.066 , 373.0
6.069 , 359.0
6.071 , 380.0
6.074 , 385.0
6.076 , 389.0
6.079 , 394.0
6.081 , 383.0
6.084 , 403.0
6.087 , 408.0
6.089 , 411.0
6.092 , 415.0
6.095 , 418.0
6.097 , 422.0
6.1 , 396.0
6.102 , 429.0
6.105 , 433.0
6.107 , 435.0
6.11 , 439.0
6.113 , 423.0
6.115 , 444.0
6.118 , 447.0
6.12 , 449.0
6.123 , 451.0
6.126 , 445.0
6.128 , 458.0
6.131 , 460.0
6.133 , 461.0
6.136 , 464.0
6.138 , 439.0
6.141 , 467.0
6.144 , 469.0
6.146 , 472.0
6.149 , 473.0
6.152 , 474.0
6.154 , 476.0
6.157 , 462.0
6.159 , 479.0
6.162 , 481.0
6.164 , 482.0
6.167 , 484.0
6.17 , 473.0
6.172 , 486.0
6.175 , 487.0
6.177 , 487.0
6.18 , 488.0
6.182 , 470.0
6.185 , 488.0
6.188 , 488.0
6.19 , 488.0
6.193 , 487.0
6.195 , 487.0
6.198 , 486.0
6.201 , 475.0
6.203 , 482.0
6.206 , 481.0
6.208 , 480.0
6.211 , 478.0
6.213 , 467.0
6.216 , 475.0
6.219 , 472.0
6.221 , 470.0
6.224 , 468.0
6.227 , 467.0
6.229 , 464.0
6.232 , 459.0
6.234 , 460.0
6.237 , 458.0
6.239 , 456.0
6.242 , 454.0
6.245 , 459.0
6.247 , 449.0
6.25 , 446.0
6.252 , 443.0
6.255 , 440.0
6.258 , 428.0
6.26 , 434.0
6.263 , 430.0
6.265 , 427.0
6.268 , 423.0
6.27 , 424.0
6.273 , 415.0
6.276 , 410.0
6.278 , 407.0
6.281 , 402.0
6.284 , 398.0
6.286 , 394.0
6.289 , 402.0
6.291 , 386.0
6.294 , 381.0
6.296 , 378.0
6.299 , 373.0
6.301 , 370.0
6.304 , 366.0
6.307 , 362.0
6.309 , 359.0
6.312 , 354.0
6.315 , 351.0
6.317 , 347.0
6.32 , 354.0
6.322 , 339.0
6.325 , 335.0
6.327 , 332.0
6.33 , 327.0
6.333 , 334.0
6.335 , 319.0
6.338 , 315.0
6.34 , 311.0
6.343 , 306.0
6.345 , 315.0
6.348 , 298.0
6.351 , 293.0
6.353 , 290.0
6.356 , 285.0
6.359 , 282.0
6.361 , 278.0
6.364 , 297.0
6.366 , 270.0
6.369 , 265.0
6.371 , 263.0
6.374 , 260.0
6.377 , 260.0
6.379 , 254.0
6.382 , 251.0
6.384 , 249.0
6.387 , 246.0
6.389 , 257.0
6.392 , 241.0
6.395 , 238.0
6.397 , 237.0
6.4 , 234.0
6.403 , 233.0
6.405 , 230.0
6.408 , 250.0
6.41 , 226.0
6.413 , 223.0
6.415 , 222.0
6.418 , 220.0
6.421 , 218.0
6.423 , 216.0
6.426 , 215.0
6.428 , 214.0
6.431 , 214.0
6.434 , 213.0
6.436 , 211.0
6.439 , 220.0
6.441 , 209.0
6.444 , 209.0
6.446 , 207.0
6.449 , 206.0
6.451 , 215.0
6.454 , 205.0
6.457 , 206.0
6.459 , 207.0
6.462 , 205.0
6.465 , 210.0
6.467 , 206.0
6.47 , 206.0
6.472 , 206.0
6.475 , 208.0
6.477 , 209.0
6.48 , 212.0
6.483 , 225.0
6.485 , 214.0
6.488 , 216.0
6.49 , 217.0
6.493 , 219.0
6.496 , 211.0
6.498 , 223.0
6.501 , 225.0
6.503 , 227.0
6.506 , 230.0
6.508 , 232.0
6.511 , 235.0
6.514 , 235.0
6.516 , 238.0
6.519 , 241.0
6.521 , 242.0
6.524 , 245.0
6.526 , 256.0
6.529 , 250.0
6.532 , 254.0
6.534 , 256.0
6.537 , 260.0
6.54 , 263.0
6.542 , 266.0
6.545 , 259.0
6.547 , 272.0
6.55 , 276.0
6.553 , 279.0
6.555 , 285.0
6.557 , 278.0
6.56 , 293.0
6.563 , 297.0
6.565 , 300.0
6.568 , 305.0
6.571 , 308.0
6.573 , 312.0
6.576 , 295.0
6.578 , 320.0
6.581 , 324.0
6.583 , 328.0
6.586 , 332.0
6.589 , 322.0
6.591 , 339.0
6.594 , 343.0
6.596 , 346.0
6.599 , 352.0
6.601 , 344.0
6.604 , 360.0
6.607 , 365.0
6.609 , 367.0
6.612 , 372.0
6.615 , 375.0
6.617 , 379.0
6.62 , 352.0
6.622 , 386.0
6.625 , 392.0
6.627 , 395.0
6.63 , 400.0
6.633 , 384.0
6.635 , 407.0
6.638 , 412.0
6.64 , 415.0
6.643 , 419.0
6.645 , 415.0
6.648 , 426.0
6.651 , 430.0
6.653 , 432.0
6.656 , 436.0
6.659 , 439.0
6.661 , 441.0
6.664 , 423.0
6.666 , 446.0
6.669 , 449.0
6.671 , 450.0
6.674 , 454.0
6.677 , 438.0
6.679 , 457.0
6.682 , 460.0
6.684 , 462.0
6.687 , 464.0
6.689 , 452.0
6.692 , 467.0
6.695 , 445.0
6.697 , 468.0
6.7 , 470.0
6.702 , 473.0
6.705 , 475.0
6.708 , 460.0
6.71 , 477.0
6.713 , 479.0
6.715 , 480.0
6.718 , 481.0
6.721 , 468.0
6.723 , 483.0
6.726 , 484.0
6.728 , 484.0
6.731 , 484.0
6.733 , 469.0
6.736 , 484.0
6.739 , 483.0
6.741 , 483.0
6.744 , 482.0
6.747 , 481.0
6.749 , 478.0
6.752 , 470.0
6.754 , 476.0
6.757 , 474.0
6.759 , 473.0
6.762 , 470.0
6.765 , 473.0
6.767 , 466.0
6.77 , 464.0
6.772 , 462.0
6.775 , 459.0
6.777 , 445.0
6.78 , 456.0
6.783 , 446.0
6.785 , 453.0
6.788 , 450.0
6.791 , 448.0
6.793 , 445.0
6.796 , 443.0
6.798 , 441.0
6.801 , 438.0
6.803 , 436.0
6.806 , 432.0
6.809 , 434.0
6.811 , 426.0
6.814 , 421.0
6.816 , 419.0
6.819 , 414.0
6.821 , 406.0
6.824 , 405.0
6.827 , 401.0
6.829 , 397.0
6.832 , 392.0
6.835 , 390.0
6.837 , 384.0
6.84 , 389.0
6.842 , 377.0
6.845 , 372.0
6.847 , 370.0
6.85 , 365.0
6.853 , 369.0
6.855 , 358.0
6.858 , 354.0
6.86 , 351.0
6.863 , 347.0
6.866 , 344.0
6.868 , 340.0
6.871 , 346.0
6.873 , 333.0
6.876 , 329.0
6.878 , 326.0
6.881 , 322.0
6.884 , 340.0
6.886 , 314.0
6.889 , 309.0
6.891 , 306.0
6.894 , 301.0
6.897 , 299.0
6.899 , 291.0
6.902 , 287.0
6.904 , 284.0
6.907 , 280.0
6.909 , 290.0
6.912 , 272.0
6.915 , 283.0
6.917 , 266.0
6.92 , 262.0
6.922 , 260.0
6.925 , 256.0
6.928 , 275.0
6.93 , 252.0
6.933 , 249.0
6.935 , 247.0
6.938 , 245.0
6.941 , 246.0
6.943 , 241.0
6.946 , 239.0
6.948 , 237.0
6.951 , 235.0
6.954 , 232.0
6.956 , 231.0
6.959 , 240.0
6.961 , 226.0
6.964 , 224.0
6.966 , 223.0
6.969 , 221.0
6.972 , 230.0
6.974 , 218.0
6.977 , 217.0
6.979 , 216.0
6.982 , 215.0
6.985 , 222.0
6.987 , 213.0
6.99 , 212.0
6.992 , 211.0
6.995 , 210.0
6.997 , 209.0
7.0 , 209.0
7.003 , 226.0
7.005 , 210.0
7.008 , 209.0
7.01 , 210.0
7.013 , 210.0
7.016 , 207.0
7.018 , 211.0
7.021 , 213.0
7.023 , 214.0
7.026 , 216.0
7.028 , 217.0
7.031 , 219.0
7.034 , 223.0
7.036 , 221.0
7.039 , 223.0
7.041 , 225.0
7.044 , 227.0
7.046 , 237.0
7.049 , 230.0
7.052 , 231.0
7.054 , 234.0
7.057 , 236.0
7.059 , 225.0
7.062 , 239.0
7.065 , 237.0
7.067 , 245.0
7.07 , 247.0
7.072 , 249.0
7.075 , 253.0
7.078 , 250.0
7.08 , 259.0
7.083 , 263.0
7.085 , 265.0
7.088 , 269.0
7.091 , 265.0
7.093 , 275.0
7.096 , 279.0
7.098 , 282.0
7.101 , 286.0
7.103 , 279.0
7.106 , 294.0
7.109 , 299.0
7.111 , 302.0
7.114 , 306.0
7.117 , 309.0
7.119 , 313.0
7.122 , 311.0
7.124 , 320.0
7.127 , 325.0
7.129 , 327.0
7.132 , 332.0
7.135 , 314.0
7.137 , 339.0
7.14 , 343.0
7.142 , 346.0
7.145 , 352.0
7.148 , 339.0
7.15 , 358.0
7.153 , 363.0
7.155 , 366.0
7.158 , 371.0
7.16 , 360.0
7.163 , 378.0
7.166 , 383.0
7.168 , 386.0
7.171 , 391.0
7.173 , 394.0
7.176 , 398.0
7.179 , 372.0
7.181 , 406.0
7.184 , 410.0
7.186 , 413.0
7.189 , 416.0
7.192 , 402.0
7.194 , 423.0
7.197 , 426.0
7.199 , 428.0
7.202 , 432.0
7.205 , 427.0
7.207 , 437.0
7.21 , 441.0
7.212 , 442.0
7.215 , 444.0
7.218 , 446.0
7.22 , 450.0
7.223 , 431.0
7.225 , 453.0
7.228 , 456.0
7.23 , 458.0
7.233 , 461.0
7.235 , 445.0
7.238 , 464.0
7.241 , 466.0
7.243 , 467.0
7.246 , 467.0
7.249 , 469.0
7.251 , 471.0
7.254 , 453.0
7.256 , 472.0
7.259 , 475.0
7.261 , 476.0
7.264 , 477.0
7.267 , 464.0
7.269 , 478.0
7.272 , 479.0
7.274 , 479.0
7.277 , 479.0
7.279 , 467.0
7.282 , 479.0
7.285 , 477.0
7.287 , 478.0
7.29 , 477.0
7.292 , 477.0
7.295 , 475.0
7.298 , 454.0
7.3 , 472.0
7.303 , 470.0
7.305 , 469.0
7.308 , 467.0
7.311 , 460.0
7.313 , 464.0
7.316 , 462.0
7.318 , 460.0
7.321 , 457.0
7.323 , 461.0
7.326 , 453.0
7.329 , 452.0
7.331 , 449.0
7.334 , 447.0
7.337 , 445.0
7.339 , 442.0
7.342 , 433.0
7.344 , 437.0
7.347 , 434.0
7.349 , 432.0
7.352 , 429.0
7.355 , 428.0
7.357 , 423.0
7.36 , 419.0
7.362 , 416.0
7.365 , 411.0
7.368 , 419.0
7.37 , 404.0
7.373 , 400.0
7.375 , 396.0
7.378 , 392.0
7.38 , 387.0
7.383 , 385.0
7.386 , 380.0
7.388 , 377.0
7.391 , 372.0
7.393 , 369.0
7.396 , 365.0
7.399 , 370.0
7.401 , 358.0
7.404 , 354.0
7.406 , 351.0
7.409 , 347.0
7.411 , 352.0
7.414 , 340.0
7.417 , 336.0
7.419 , 333.0
7.422 , 328.0
7.425 , 326.0
7.427 , 321.0
7.43 , 330.0
7.432 , 314.0
7.435 , 310.0
7.437 , 307.0
7.44 , 303.0
7.443 , 320.0
7.445 , 294.0
7.448 , 289.0
7.45 , 286.0
7.453 , 282.0
7.455 , 282.0
7.458 , 275.0
7.461 , 272.0
7.463 , 269.0
7.466 , 266.0
7.469 , 264.0
7.471 , 259.0
7.474 , 270.0
7.476 , 254.0
7.479 , 252.0
7.481 , 250.0
7.484 , 248.0
7.487 , 266.0
7.489 , 243.0
7.492 , 241.0
7.494 , 239.0
7.497 , 236.0
7.499 , 237.0
7.502 , 234.0
7.505 , 231.0
7.507 , 230.0
7.51 , 228.0
7.513 , 227.0
7.515 , 225.0
7.518 , 233.0
7.52 , 221.0
7.523 , 221.0
7.525 , 221.0
7.528 , 220.0
7.531 , 227.0
7.533 , 218.0
7.536 , 217.0
7.538 , 217.0
7.541 , 216.0
7.544 , 215.0
7.546 , 213.0
7.549 , 221.0
7.551 , 214.0
7.554 , 215.0
7.557 , 215.0
7.559 , 215.0
7.562 , 228.0
7.564 , 215.0
7.567 , 216.0
7.569 , 216.0
7.572 , 218.0
7.575 , 215.0
7.577 , 221.0
7.58 , 225.0
7.582 , 225.0
7.585 , 227.0
7.587 , 228.0
7.59 , 230.0
7.593 , 232.0
7.595 , 233.0
7.598 , 236.0
7.6 , 238.0
7.603 , 241.0
7.606 , 249.0
7.608 , 245.0
7.611 , 248.0
7.613 , 248.0
7.616 , 251.0
7.618 , 253.0
7.621 , 255.0
7.624 , 252.0
7.626 , 261.0
7.629 , 265.0
7.631 , 268.0
7.634 , 271.0
7.637 , 265.0
7.639 , 276.0
7.642 , 280.0
7.644 , 283.0
7.647 , 287.0
7.649 , 283.0
7.652 , 295.0
7.655 , 300.0
7.657 , 302.0
7.66 , 307.0
7.662 , 295.0
7.665 , 314.0
7.668 , 318.0
7.67 , 321.0
7.673 , 325.0
7.675 , 328.0
7.678 , 333.0
7.681 , 328.0
7.683 , 340.0
7.686 , 343.0
7.688 , 347.0
7.691 , 351.0
7.694 , 334.0
7.696 , 358.0
7.699 , 362.0
7.701 , 365.0
7.704 , 370.0
7.707 , 357.0
7.709 , 377.0
7.712 , 380.0
7.714 , 383.0
7.717 , 388.0
7.72 , 392.0
7.722 , 396.0
7.725 , 392.0
7.727 , 403.0
7.73 , 408.0
7.732 , 410.0
7.735 , 414.0
7.738 , 389.0
7.74 , 420.0
7.743 , 424.0
7.745 , 427.0
7.748 , 430.0
7.751 , 415.0
7.753 , 435.0
7.756 , 438.0
7.758 , 440.0
7.761 , 442.0
7.763 , 439.0
7.766 , 447.0
7.769 , 435.0
7.771 , 450.0
7.774 , 452.0
7.777 , 454.0
7.779 , 456.0
7.782 , 435.0
7.784 , 458.0
7.787 , 460.0
7.789 , 463.0
7.792 , 464.0
7.795 , 448.0
7.797 , 465.0
7.8 , 468.0
7.802 , 469.0
7.805 , 470.0
7.808 , 471.0
7.81 , 472.0
7.813 , 457.0
7.815 , 473.0
7.818 , 474.0
7.82 , 475.0
7.823 , 474.0
7.826 , 462.0
7.828 , 475.0
7.831 , 475.0
7.833 , 475.0
7.836 , 473.0
7.839 , 463.0
7.841 , 471.0
7.844 , 470.0
7.846 , 468.0
7.849 , 466.0
7.852 , 465.0
7.854 , 463.0
7.857 , 445.0
7.859 , 459.0
7.862 , 457.0
7.865 , 455.0
7.867 , 454.0
7.87 , 448.0
7.872 , 450.0
7.875 , 448.0
7.877 , 446.0
7.88 , 443.0
7.883 , 449.0
7.885 , 440.0
7.888 , 436.0
7.89 , 435.0
7.893 , 432.0
7.896 , 430.0
7.898 , 427.0
7.901 , 414.0
7.903 , 421.0
7.906 , 417.0
7.908 , 415.0
7.911 , 411.0
7.914 , 410.0
7.916 , 403.0
7.919 , 399.0
7.921 , 395.0
7.924 , 391.0
7.927 , 402.0
7.929 , 384.0
7.932 , 379.0
7.934 , 376.0
7.937 , 371.0
7.94 , 369.0
7.942 , 365.0
7.945 , 367.0
7.947 , 358.0
7.95 , 354.0
7.952 , 351.0
7.955 , 347.0
7.958 , 353.0
7.96 , 340.0
7.963 , 337.0
7.965 , 334.0
7.968 , 330.0
7.971 , 337.0
7.973 , 323.0
7.976 , 319.0
7.978 , 316.0
7.981 , 312.0
7.984 , 309.0
7.986 , 304.0
7.989 , 311.0
7.991 , 297.0
7.994 , 292.0
7.996 , 289.0
7.999 , 285.0
8.002 , 304.0
8.004 , 278.0
8.007 , 274.0
8.009 , 271.0
8.012 , 267.0
8.014 , 270.0
8.017 , 262.0
8.02 , 259.0
8.022 , 257.0
8.025 , 255.0
8.027 , 253.0
8.03 , 251.0
8.033 , 261.0
8.035 , 247.0
8.038 , 244.0
8.04 , 243.0
8.043 , 241.0
8.045 , 261.0
8.048 , 238.0
8.051 , 236.0
8.053 , 234.0
8.056 , 232.0
8.059 , 230.0
8.061 , 228.0
8.064 , 236.0
8.066 , 225.0
8.069 , 224.0
8.071 , 224.0
8.074 , 224.0
8.077 , 231.0
8.079 , 221.0
8.082 , 220.0
8.084 , 220.0
8.087 , 219.0
8.089 , 229.0
8.092 , 217.0
8.095 , 218.0
8.097 , 218.0
8.1 , 219.0
8.103 , 219.0
8.105 , 219.0
8.108 , 225.0
8.11 , 220.0
8.113 , 221.0
8.115 , 221.0
8.118 , 222.0
8.121 , 232.0
8.123 , 225.0
8.126 , 227.0
8.128 , 229.0
8.131 , 230.0
8.133 , 227.0
8.136 , 233.0
8.139 , 221.0
8.141 , 236.0
8.144 , 238.0
8.146 , 240.0
8.149 , 243.0
8.152 , 243.0
8.154 , 247.0
8.157 , 249.0
8.159 , 251.0
8.162 , 254.0
8.165 , 263.0
8.167 , 258.0
8.17 , 261.0
8.172 , 264.0
8.175 , 267.0
8.177 , 251.0
8.18 , 273.0
8.183 , 276.0
8.185 , 278.0
8.188 , 283.0
8.191 , 285.0
8.193 , 289.0
8.196 , 283.0
8.198 , 296.0
8.201 , 301.0
8.203 , 304.0
8.206 , 307.0
8.209 , 304.0
8.211 , 314.0
8.214 , 318.0
8.216 , 321.0
8.219 , 325.0
8.221 , 309.0
8.224 , 332.0
8.227 , 337.0
8.229 , 340.0
8.232 , 344.0
8.235 , 347.0
8.237 , 350.0
8.24 , 341.0
8.242 , 357.0
8.245 , 362.0
8.247 , 365.0
8.25 , 369.0
8.253 , 354.0
8.255 , 376.0
8.258 , 380.0
8.26 , 383.0
8.263 , 386.0
8.266 , 373.0
8.268 , 394.0
8.271 , 398.0
8.273 , 401.0
8.276 , 405.0
8.279 , 391.0
8.281 , 412.0
8.284 , 416.0
8.286 , 417.0
8.289 , 420.0
8.292 , 423.0
8.294 , 427.0
8.297 , 401.0
8.299 , 432.0
8.302 , 435.0
8.304 , 438.0
8.307 , 440.0
8.31 , 425.0
8.312 , 443.0
8.315 , 446.0
8.317 , 447.0
8.32 , 449.0
8.323 , 446.0
8.325 , 453.0
8.328 , 456.0
8.33 , 457.0
8.333 , 457.0
8.335 , 434.0
8.338 , 461.0
8.341 , 463.0
8.343 , 463.0
8.346 , 463.0
8.349 , 465.0
8.351 , 466.0
8.354 , 454.0
8.356 , 467.0
8.359 , 469.0
8.362 , 469.0
8.364 , 469.0
8.367 , 466.0
8.369 , 471.0
8.372 , 471.0
8.374 , 470.0
8.377 , 470.0
8.38 , 450.0
8.382 , 469.0
8.385 , 469.0
8.387 , 468.0
8.39 , 466.0
8.392 , 458.0
8.395 , 463.0
8.398 , 462.0
8.4 , 460.0
8.403 , 458.0
8.405 , 457.0
8.408 , 455.0
8.411 , 449.0
8.413 , 450.0
8.416 , 449.0
8.418 , 446.0
8.421 , 445.0
8.424 , 438.0
8.426 , 440.0
8.429 , 437.0
8.431 , 436.0
8.434 , 433.0
8.437 , 429.0
8.439 , 428.0
8.442 , 425.0
8.444 , 423.0
8.447 , 419.0
8.45 , 418.0
8.452 , 414.0
8.455 , 403.0
8.457 , 408.0
8.46 , 404.0
8.462 , 402.0
8.465 , 398.0
8.468 , 393.0
8.47 , 390.0
8.473 , 386.0
8.475 , 383.0
8.478 , 378.0
8.481 , 390.0
8.483 , 372.0
8.486 , 367.0
8.488 , 364.0
8.491 , 360.0
8.493 , 358.0
8.496 , 352.0
8.499 , 348.0
8.501 , 346.0
8.504 , 342.0
8.507 , 339.0
8.509 , 336.0
8.512 , 332.0
8.514 , 329.0
8.517 , 325.0
8.519 , 323.0
8.522 , 319.0
8.525 , 337.0
8.527 , 313.0
8.53 , 308.0
8.532 , 306.0
8.535 , 302.0
8.537 , 297.0
8.54 , 294.0
8.543 , 290.0
8.545 , 288.0
8.548 , 283.0
8.55 , 293.0
8.553 , 277.0
8.556 , 273.0
8.559 , 270.0
8.561 , 267.0
8.564 , 265.0
8.566 , 262.0
8.569 , 274.0
8.571 , 257.0
8.574 , 254.0
8.576 , 252.0
8.579 , 250.0
8.582 , 254.0
8.584 , 247.0
8.587 , 245.0
8.589 , 243.0
8.592 , 240.0
8.595 , 250.0
8.597 , 239.0
8.6 , 237.0
8.602 , 236.0
8.605 , 233.0
8.607 , 247.0
8.61 , 231.0
8.613 , 235.0
8.615 , 228.0
8.618 , 227.0
8.62 , 227.0
8.623 , 226.0
8.626 , 234.0
8.628 , 224.0
8.631 , 224.0
8.633 , 224.0
8.636 , 223.0
8.638 , 228.0
8.641 , 221.0
8.644 , 221.0
8.646 , 221.0
8.649 , 222.0
8.652 , 222.0
8.654 , 222.0
8.657 , 216.0
8.659 , 224.0
8.662 , 224.0
8.665 , 225.0
8.667 , 226.0
8.669 , 230.0
8.672 , 230.0
8.675 , 232.0
8.677 , 234.0
8.68 , 236.0
8.682 , 247.0
8.685 , 240.0
8.688 , 242.0
8.69 , 243.0
8.693 , 245.0
8.695 , 247.0
8.698 , 249.0
8.701 , 241.0
8.703 , 253.0
8.706 , 256.0
8.708 , 257.0
8.711 , 260.0
8.714 , 257.0
8.716 , 264.0
8.719 , 267.0
8.721 , 268.0
8.724 , 272.0
8.727 , 274.0
8.729 , 278.0
8.732 , 281.0
8.734 , 283.0
8.737 , 287.0
8.739 , 274.0
8.742 , 294.0
8.745 , 287.0
8.747 , 301.0
8.75 , 306.0
8.753 , 309.0
8.755 , 313.0
8.758 , 305.0
8.76 , 320.0
8.763 , 324.0
8.765 , 326.0
8.768 , 330.0
8.771 , 320.0
8.773 , 338.0
8.776 , 341.0
8.778 , 344.0
8.781 , 348.0
8.783 , 335.0
8.786 , 354.0
8.789 , 358.0
8.791 , 360.0
8.794 , 365.0
8.797 , 367.0
8.799 , 371.0
8.802 , 369.0
8.804 , 378.0
8.807 , 382.0
8.809 , 384.0
8.812 , 389.0
8.815 , 366.0
8.817 , 396.0
8.82 , 400.0
8.822 , 403.0
8.825 , 407.0
8.828 , 410.0
8.83 , 415.0
8.833 , 399.0
8.835 , 419.0
8.838 , 423.0
8.84 , 425.0
8.843 , 428.0
8.845 , 421.0
8.848 , 432.0
8.851 , 435.0
8.853 , 437.0
8.856 , 439.0
8.858 , 416.0
8.861 , 442.0
8.864 , 443.0
8.866 , 444.0
8.869 , 447.0
8.872 , 448.0
8.874 , 451.0
8.877 , 438.0
8.879 , 454.0
8.882 , 455.0
8.884 , 455.0
8.887 , 458.0
8.89 , 445.0
8.892 , 459.0
8.895 , 462.0
8.897 , 463.0
8.9 , 463.0
8.903 , 449.0
8.905 , 465.0
8.908 , 466.0
8.91 , 467.0
8.913 , 466.0
8.916 , 467.0
8.918 , 467.0
8.921 , 463.0
8.923 , 466.0
8.926 , 466.0
8.928 , 465.0
8.931 , 464.0
8.934 , 448.0
8.936 , 462.0
8.939 , 460.0
8.941 , 459.0
8.944 , 457.0
8.947 , 450.0
8.949 , 454.0
8.952 , 452.0
8.954 , 451.0
8.957 , 448.0
8.96 , 447.0
8.962 , 445.0
8.965 , 449.0
8.967 , 441.0
8.97 , 439.0
8.972 , 438.0
8.975 , 435.0
8.978 , 421.0
8.98 , 431.0
8.983 , 428.0
8.985 , 427.0
8.988 , 423.0
8.991 , 422.0
8.993 , 418.0
8.996 , 415.0
8.998 , 412.0
9.001 , 409.0
9.004 , 407.0
9.006 , 402.0
9.009 , 403.0
9.011 , 395.0
9.014 , 391.0
9.016 , 388.0
9.019 , 384.0
9.022 , 384.0
9.024 , 377.0
9.027 , 374.0
9.029 , 371.0
9.032 , 367.0
9.035 , 370.0
9.037 , 360.0
9.04 , 356.0
9.042 , 353.0
9.045 , 349.0
9.048 , 347.0
9.05 , 343.0
9.053 , 343.0
9.055 , 337.0
9.058 , 333.0
9.06 , 331.0
9.063 , 326.0
9.066 , 333.0
9.068 , 320.0
9.071 , 316.0
9.073 , 314.0
9.076 , 310.0
9.079 , 317.0
9.081 , 303.0
9.084 , 298.0
9.086 , 296.0
9.089 , 291.0
9.092 , 289.0
9.094 , 285.0
9.097 , 283.0
9.099 , 279.0
9.102 , 275.0
9.104 , 273.0
9.107 , 270.0
9.11 , 279.0
9.112 , 264.0
9.115 , 261.0
9.117 , 260.0
9.12 , 258.0
9.122 , 276.0
9.125 , 254.0
9.128 , 264.0
9.13 , 251.0
9.133 , 249.0
9.135 , 247.0
9.138 , 245.0
9.141 , 248.0
9.143 , 241.0
9.146 , 240.0
9.148 , 239.0
9.151 , 237.0
9.153 , 245.0
9.156 , 234.0
9.159 , 233.0
9.162 , 232.0
9.164 , 230.0
9.167 , 230.0
9.169 , 229.0
9.172 , 234.0
9.174 , 228.0
9.177 , 228.0
9.179 , 227.0
9.182 , 227.0
9.185 , 233.0
9.187 , 226.0
9.19 , 225.0
9.192 , 226.0
9.195 , 226.0
9.197 , 231.0
9.2 , 227.0
9.203 , 227.0
9.205 , 228.0
9.208 , 229.0
9.211 , 229.0
9.213 , 230.0
9.216 , 224.0
9.218 , 232.0
9.221 , 235.0
9.223 , 236.0
9.226 , 238.0
9.229 , 240.0
9.231 , 241.0
9.234 , 243.0
9.236 , 245.0
9.239 , 247.0
9.242 , 248.0
9.244 , 251.0
9.247 , 255.0
9.249 , 256.0
9.252 , 258.0
9.254 , 260.0
9.257 , 262.0
9.259 , 252.0
9.262 , 267.0
9.265 , 270.0
9.267 , 271.0
9.27 , 275.0
9.273 , 277.0
9.275 , 281.0
9.278 , 284.0
9.28 , 286.0
9.283 , 289.0
9.285 , 292.0
9.288 , 296.0
9.291 , 288.0
9.293 , 302.0
9.296 , 306.0
9.298 , 308.0
9.301 , 313.0
9.303 , 303.0
9.306 , 319.0
9.309 , 323.0
9.311 , 326.0
9.314 , 330.0
9.316 , 320.0
9.319 , 337.0
9.322 , 341.0
9.324 , 344.0
9.327 , 348.0
9.33 , 351.0
9.332 , 354.0
9.335 , 333.0
9.337 , 361.0
9.34 , 365.0
9.342 , 367.0
9.345 , 372.0
9.347 , 360.0
9.35 , 378.0
9.353 , 381.0
9.355 , 384.0
9.358 , 388.0
9.361 , 391.0
9.363 , 394.0
9.366 , 398.0
9.368 , 400.0
9.371 , 404.0
9.373 , 407.0
9.376 , 410.0
9.379 , 388.0
9.381 , 416.0
9.384 , 419.0
9.386 , 421.0
9.389 , 424.0
9.391 , 410.0
9.394 , 430.0
9.397 , 432.0
9.399 , 434.0
9.402 , 436.0
9.404 , 434.0
9.407 , 440.0
9.41 , 442.0
9.412 , 443.0
9.415 , 446.0
9.418 , 446.0
9.42 , 449.0
9.423 , 433.0
9.425 , 451.0
9.428 , 452.0
9.43 , 453.0
9.433 , 454.0
9.435 , 440.0
9.438 , 455.0
9.441 , 457.0
9.443 , 458.0
9.446 , 459.0
9.449 , 449.0
9.451 , 461.0
9.454 , 462.0
9.456 , 462.0
9.459 , 462.0
9.461 , 448.0
9.464 , 462.0
9.467 , 450.0
9.469 , 463.0
9.472 , 463.0
9.474 , 463.0
9.477 , 461.0
9.48 , 458.0
9.482 , 460.0
9.485 , 457.0
9.487 , 456.0
9.49 , 455.0
9.493 , 442.0
9.495 , 451.0
9.498 , 449.0
9.5 , 448.0
9.503 , 445.0
9.505 , 439.0
9.508 , 441.0
9.511 , 436.0
9.513 , 437.0
9.516 , 435.0
9.518 , 434.0
9.521 , 432.0
9.524 , 439.0
9.526 , 428.0
9.529 , 425.0
9.531 , 424.0
9.534 , 421.0
9.537 , 407.0
9.539 , 416.0
9.542 , 413.0
9.544 , 411.0
9.547 , 408.0
9.549 , 408.0
9.552 , 402.0
9.555 , 399.0
9.557 , 395.0
9.56 , 391.0
9.563 , 388.0
9.565 , 384.0
9.568 , 389.0
9.57 , 377.0
9.573 , 373.0
9.575 , 370.0
9.578 , 366.0
9.581 , 364.0
9.583 , 359.0
9.586 , 355.0
9.588 , 352.0
9.591 , 348.0
9.593 , 353.0
9.596 , 342.0
9.599 , 349.0
9.601 , 337.0
9.604 , 333.0
9.607 , 331.0
9.609 , 327.0
9.612 , 332.0
9.614 , 321.0
9.617 , 318.0
9.619 , 316.0
9.622 , 312.0
9.625 , 317.0
9.627 , 305.0
9.63 , 301.0
9.632 , 298.0
9.635 , 294.0
9.637 , 301.0
9.64 , 287.0
9.643 , 283.0
9.645 , 281.0
9.648 , 277.0
9.651 , 275.0
9.653 , 271.0
9.656 , 270.0
9.658 , 266.0
9.661 , 263.0
9.663 , 261.0
9.666 , 259.0
9.669 , 267.0
9.671 , 256.0
9.674 , 254.0
9.676 , 253.0
9.679 , 251.0
9.682 , 250.0
9.684 , 248.0
9.687 , 261.0
9.689 , 245.0
9.692 , 244.0
9.694 , 243.0
9.697 , 241.0
9.7 , 241.0
9.702 , 238.0
9.705 , 236.0
9.707 , 236.0
9.71 , 234.0
9.713 , 241.0
9.715 , 232.0
9.718 , 232.0
9.72 , 232.0
9.723 , 231.0
9.725 , 248.0
9.728 , 230.0
9.731 , 236.0
9.733 , 229.0
9.736 , 228.0
9.738 , 228.0
9.741 , 229.0
9.744 , 231.0
9.746 , 231.0
9.749 , 231.0
9.751 , 231.0
9.754 , 232.0
9.757 , 235.0
9.759 , 234.0
9.762 , 237.0
9.764 , 237.0
9.767 , 239.0
9.77 , 240.0
9.772 , 242.0
9.775 , 231.0
9.777 , 245.0
9.78 , 246.0
9.782 , 248.0
9.785 , 250.0
9.788 , 250.0
9.79 , 253.0
9.793 , 256.0
9.795 , 258.0
9.798 , 261.0
9.801 , 270.0
9.803 , 264.0
9.806 , 267.0
9.808 , 268.0
9.811 , 271.0
9.814 , 273.0
9.816 , 276.0
9.819 , 262.0
9.821 , 282.0
9.824 , 285.0
9.826 , 288.0
9.829 , 291.0
9.832 , 285.0
9.834 , 297.0
9.837 , 301.0
9.839 , 304.0
9.842 , 307.0
9.844 , 312.0
9.847 , 315.0
9.85 , 318.0
9.852 , 320.0
9.855 , 324.0
9.857 , 326.0
9.86 , 330.0
9.863 , 319.0
9.865 , 337.0
9.868 , 341.0
9.87 , 343.0
9.873 , 347.0
9.876 , 337.0
9.878 , 353.0
9.881 , 356.0
9.883 , 359.0
9.886 , 363.0
9.889 , 355.0
9.891 , 370.0
9.894 , 374.0
9.896 , 376.0
9.899 , 380.0
9.902 , 382.0
9.904 , 386.0
9.907 , 373.0
9.909 , 392.0
9.912 , 396.0
9.914 , 398.0
9.917 , 403.0
9.92 , 398.0
9.922 , 409.0
9.925 , 411.0
9.927 , 413.0
9.93 , 416.0
9.933 , 394.0
9.935 , 421.0
9.938 , 425.0
9.94 , 427.0
9.943 , 430.0
9.946 , 431.0
9.948 , 433.0
9.951 , 419.0
9.953 , 436.0
9.956 , 439.0
9.958 , 439.0
9.961 , 442.0
9.964 , 442.0
9.966 , 445.0
9.969 , 448.0
9.971 , 448.0
9.974 , 449.0
9.976 , 422.0
9.979 , 451.0
9.982 , 450.0
9.984 , 451.0
9.987 , 453.0
9.99 , 455.0
9.992 , 455.0
9.995 , 443.0
9.997 , 457.0
10.0 , 458.0
10.002 , 458.0
